([197, 187, 111, 259,  11,  71, 139, 245, 131, 303, 171, 351, 119,  31,
        311, 137, 195, 183, 299, 235,  83,  27, 209,  39,  35, 319, 283, 263,
        191, 317, 129,  23, 231, 127, 203, 265,   7, 327,  59, 255, 251,  99,
          5, 269, 229, 175, 155, 135,  73,  65, 223,  91,  51, 275, 227,  95,
        225, 125, 341, 199, 239, 305, 181,  75,  47, 207, 167,  43,  49,   3,
        277, 343, 143, 247, 173,  87, 133, 105, 193, 279, 293,  63,  77, 335,
        115, 321, 215, 337, 103, 147, 153, 329, 145, 123, 243, 201,  17, 161,
         21, 271, 267, 257,  13, 113, 281, 331, 121, 253, 315, 339,  79, 211,
        219, 291, 323, 159, 141, 221, 347, 349,  85, 165, 233,  67, 295,  97,
        157, 179,   1, 189,  55,  19, 307, 177, 287, 261, 297,  33,  29, 333,
        107, 301,  69,  57,  93, 185,  37,  81, 151, 163, 109, 289, 217,   9,
        313, 117, 241, 205, 309,  15, 285, 149,  53,  61, 101, 273, 249,  45,
        345, 237, 213,  41,  25, 169, 242, 325, 320, 324,  40, 290, 204, 252,
        184, 208,  88, 348, 176, 144,  64, 244,  44, 104,  30, 128, 124, 296,
        328, 108, 250, 278, 260,   4, 136, 168,  92, 214, 256,  56, 126,  89,
        142, 218, 152, 284, 192, 332, 160, 262, 282, 236,  84, 258, 312, 172,
        148, 114, 344, 300, 106, 224,  34,  60, 280, 248, 206, 188, 132, 102,
        298,  36, 240,  38,  94, 268, 292, 288, 276, 228,   8, 112,  98,  76,
         32, 272,  68,   0, 200, 266, 180, 164, 238, 182, 166,   6, 212, 146,
         20,  12,  18, 270,  78,  52, 264, 308, 100, 334, 156, 232, 220,  10,
         72, 134, 186, 294, 122,  26,  42,  28, 254, 304, 336,  16, 116, 346,
        316, 140, 314, 226,  24, 196,  80, 306, 286, 234,  74, 246,  58, 322,
        338, 216,  48, 210, 318,  62,  66, 340,  14, 158, 274, 190, 222,  54,
        194, 178,   2, 310, 154,  90, 118, 120,  22, 150, 138, 110,  86, 162,
        174,  96, 202,  82,  46, 350, 198,  70, 342, 130, 330, 302, 170,  50,
        326, 230], device='cuda:0')
        
        
tensor([ 49, 229, 245, 167,  91, 235,  55, 347, 337,   9, 329, 189, 287, 223,
        155, 253, 175, 121,  31, 237,  25,  41, 305, 125, 241,  21, 135,  45,
        209, 115, 157,  57, 233,  81, 349, 289,  93,  97, 333, 183, 169, 217,
         73,  33, 231, 269, 351, 225,  69,  53,  43, 277, 195, 185, 297, 205,
         99,  35, 257,   1,  13, 273,  23, 187, 267,  87,  37, 303, 265, 133,
        131, 107, 139, 221, 105, 321, 263, 281, 149, 271,  51, 163, 227, 173,
        141, 109, 259, 325, 161, 255, 327,  63, 239, 145,  95, 293, 313, 199,
        247,   5, 213,  67, 113, 335, 165,  29, 299, 249, 341, 111, 309,  39,
        103, 101, 275,  15,   3, 219,  65, 251, 181, 343, 159,  61, 319, 151,
        179, 261, 311,  71,  11, 317,  83, 203, 129, 193, 197, 215,  59,  77,
        137,  47, 171, 143,  27, 283, 301, 279, 315, 123, 119, 153, 201, 127,
        295, 177, 243,   7, 339,  19,  75, 291, 207,  85,  89,  79, 296, 211,
        285, 345, 323, 307, 192,  44, 240,  66, 117,  17, 212, 316,  88, 340,
        120, 331, 124, 128, 294, 252, 191, 100, 276, 336,  94, 118, 170, 244,
        164,  68, 204, 160,  48, 136,  96, 108, 264, 228, 328, 138, 147, 284,
        104, 172,   6,  36,  28,  84, 272,  12, 350,  40, 236, 260,   4,  46,
        106, 156, 250,  52,  56, 206, 184,  76, 152, 324, 144,  74, 214,  54,
        308, 114,  80, 188, 180, 254,  10,  90, 168,  20, 200, 248,  98, 300,
        234, 268, 242, 176, 262,  16,  34, 288,   0, 202, 154, 304,  92, 292,
        230, 208, 320,  22, 112, 258,  60, 198, 274, 322, 178, 338, 318,  32,
        342, 126, 256, 102, 134, 130, 280, 314, 140,  50,  86, 266, 334, 116,
         30, 122,  64, 194, 312, 132, 290, 142, 182, 344, 302, 150, 332, 220,
        330, 224, 148,  78, 348, 158, 278,  26,  72, 216,  82,   8, 196, 270,
         14, 282, 246, 310,  58,  38, 162, 186, 174, 238, 210, 146, 222,  18,
        110, 346,  70, 232, 306,  62, 298, 226, 190, 166, 326,   2, 218,  24,
         42, 286], device='cuda:0')
         
         
         
tensor([157, 343, 203,  33, 199,  31, 235,  23, 329,  29, 195, 327, 335, 115,
          3, 189,  65, 317,  27,  15, 131, 163, 191, 269, 239, 223, 313, 107,
        127,  37, 215,  43, 237, 309, 287, 121, 247,  41, 263, 197,  91, 207,
        171,  47, 185, 259, 187, 331, 311, 113,  81,  35,  77, 153, 155, 291,
        271,  19, 249, 299, 209,  39, 103, 175, 147, 227, 183, 201, 319, 213,
        257, 307,  87,  95, 211, 123, 283,  11, 159, 279, 255, 109, 129, 339,
        173, 165,  75,  25, 265,  79,   7, 277, 289, 253, 315,   5,  51, 119,
        151, 179, 219,  45, 243, 325, 323, 305, 229, 177,  49, 349,  67,  55,
        221, 101, 217,  85,  21, 149, 169, 225,  99, 337, 351,  71,   9, 293,
         83, 301, 105, 303,  61, 181, 233, 245, 275, 125,  73, 205, 133, 345,
        135, 193, 139, 231, 241, 333, 321, 261, 281, 267, 297,  54, 295, 238,
        111,  13, 161,  93,  97,  89, 145, 137, 167, 251,  69,   1, 282,  53,
         57, 246, 341, 347, 117,  17,  59, 273,  50, 285, 194,  86, 222, 334,
        143, 256, 254,  63, 332, 176, 141, 166, 258, 308,  70, 304, 342, 110,
        350,  26, 104, 324, 112, 116, 156, 148, 250, 288, 340, 114,  42,  68,
         36, 242,  14,  56,  92,  74,  12, 272, 346, 192, 212, 344,  16,  46,
        298,  22, 326, 154,  66, 150, 158, 262, 322, 214, 234, 140, 206,  20,
          4, 136, 284, 338,  52, 108, 184, 218, 168, 232, 280, 134, 316, 102,
        130,  78, 278, 146,  80, 180, 318, 328, 210, 310,  94, 294, 198, 312,
        224, 330, 244, 252, 228, 296, 182,   6, 162, 248,  32,  64,  98, 204,
        128,  96,  40,  18,  44, 306,  84, 230, 106,  10, 118, 190, 314, 260,
         88,  60,  48,  30, 268, 186, 124,  58, 142, 286, 164, 266,   8,  72,
         90, 236, 348,   2, 264, 274, 122, 126,  62, 174, 290, 270, 170, 202,
        220, 208, 226,  82, 138, 336, 320, 100, 160, 152, 196, 240, 132, 300,
        120,   0,  76, 200, 188, 276, 302,  24, 178,  38,  28, 216, 292, 144,
         34, 172], device='cuda:0')
